# dimensions from 'jeep.js' 2015/01/17 16:48:49 UTC
[dimensions]
x = 3.522419
y = 1.941510
z = 1.742396


