# dimensions from 'snowplow.js' 2015/01/17 16:48:50 UTC
[dimensions]
x = 8.765051
y = 2.782891
z = 2.875401


