# dimensions from 'followme.js' 2015/01/17 16:48:48 UTC
[dimensions]
x = 3.795781
y = 1.956821
z = 1.893909


