# dimensions from 'followme1.js' 2015/01/17 16:48:48 UTC
[dimensions]
x = 10.901861
y = 3.177221
z = 5.536001


