# dimensions from 'pushback.js' 2015/01/17 16:48:50 UTC
[dimensions]
x = 6.618222
y = 2.100667
z = 2.380531


