[dimensions]
x = 8.239261
y = 2.501898
z = 11.301818
