# dimensions from 'AIM120.js' 2015/01/17 16:51:50 UTC
[dimensions]
x = 3.678780
y = 0.835808
z = 0.835807


