# dimensions from 'AIM9.js' 2015/01/17 16:51:50 UTC
[dimensions]
x = 2.884701
y = 0.595950
z = 0.575176


