# dimensions from 'gbu16.js' 2015/01/17 16:51:50 UTC
[dimensions]
x = 3.185300
y = 0.483239
z = 0.465689


