# dimensions from 'bus-ba.js' 2015/01/17 16:48:45 UTC
[dimensions]
x = 2.547401
y = 2.690606
z = 10.480001


