# dimensions from 'catering_vehicle.js' 2015/01/17 16:48:45 UTC
[dimensions]
x = 2.549401
y = 3.127054
z = 6.715140


