# dimensions from 'chariot-ba.js' 2015/01/17 16:48:46 UTC
[dimensions]
x = 14.137411
y = 1.611502
z = 2.308498


