# dimensions from 'citerne-ba.js' 2015/01/17 16:48:46 UTC
[dimensions]
x = 7.035100
y = 2.932104
z = 2.894998


