# dimensions from 'Goldhofert.js' 2015/01/17 16:48:46 UTC
[dimensions]
x = 9.092100
y = 2.293701
z = 3.567001


