# dimensions from 'Goldhofert1.js' 2015/01/17 16:48:47 UTC
[dimensions]
x = 12.485331
y = 2.293701
z = 3.567001


