# dimensions from 'Shorttug.js' 2015/01/17 16:48:47 UTC
[dimensions]
x = 8.269891
y = 2.234601
z = 2.045981


