# dimensions from 'stairs.js' 2015/01/17 16:48:48 UTC
[dimensions]
x = 7.138720
y = 4.876720
z = 2.373627


